-14 -4 -14 6 FF000000 1.0
-14 6 -4 -4 FF000000 1.0
-14 -4 -4 -4 FF000000 1.0
-4 -4 -4 -14 FF000000 1.0
-4 -14 -14 -4 FF000000 1.0
-7 -8 -7 -7 FF000000 1.0
-7 -8 -8 -7 FF000000 1.0
-7 -7 -8 -7 FF000000 1.0
-9 -9 -9 -4 FF000000 1.0
-4 -9 -9 -4 FF000000 1.0
-4 -9 -9 -9 FF000000 1.0
-11 -7 -9 -7 FF000000 1.0
-9 -6 -11 -4 FF000000 1.0
-12 -4 -12 -6 FF000000 1.0
-7 -6 -7 -4 FF000000 1.0
-6 -7 -4 -7 FF000000 1.0
-4 -6 -6 -4 FF000000 1.0
-7 -9 -7 -11 FF000000 1.0
-6 -12 -4 -12 FF000000 1.0
-4 -11 -6 -9 FF000000 1.0
-8 -8 -6 -8 FF000000 10.0
-5 -6 -6 -6 FF000000 10.0
-10 -6 -11 -6 FF000000 10.0
-6 -11 -5 -11 FF000000 10.0
-8 -6 -9 -4 FF000000 10.0
-8 -7 -7 -7 FFFF0000 8.0
-13 -3 -11 -3 FFFF0000 8.0
-8 -3 -6 -3 FFFF0000 8.0
-12 -1 -9 -1 FFFF0000 8.0
-12 1 -11 1 FFFF0000 8.0
-9 -3 -10 -3 FFFF0000 8.0
-4 -4 6 -14 FFFF0000 8.0
-4 -14 6 -14 FFFF0000 8.0
-4 -4 -4 6 FFFF0000 8.0
-14 6 -4 6 FFFF0000 8.0
