Ahoj
0.9999991     2.9504295E-7
0.98632866     0.004484345
0.97252315     0.008932785
0.9585918     0.013340152
0.9445433     0.017701132
0.93038636     0.022010574
0.9161297     0.026263477
0.90178204     0.030455003
0.8873514     0.03458046
0.8728464     0.03863533
0.8582752     0.042615224
0.8436459     0.046515927
0.82896656     0.05033339
0.81424505     0.054063696
0.79948914     0.0577031
0.7847065     0.061247997
0.76990485     0.064694956
0.75509155     0.0680407
0.7402741     0.0712821
0.7254596     0.07441618
0.71065533     0.07744014
0.6958683     0.08035131
0.6811056     0.0831472
0.66637385     0.08582543
0.65168     0.08838385
0.6370307     0.09082042
0.62243223     0.09313323
0.6078913     0.09532061
0.59341395     0.097380936
0.5790068     0.09931286
0.56467545     0.10111506
0.5504263     0.10278649
0.53626513     0.10432619
0.5221977     0.10573338
0.5082298     0.10700744
0.49436682     0.10814785
0.48061442     0.10915434
0.46697783     0.110026725
0.45346242     0.11076501
0.44007337     0.11136934
0.42681563     0.11184001
0.41369423     0.112177506
0.40071398     0.11238243
0.3878796     0.11245556
0.37519574     0.11239782
0.362667     0.1122103
0.3502977     0.11189425
0.33809215     0.111451074
0.32605463     0.1108823
0.31418914     0.11018964
0.30249977     0.109375
0.2909904     0.108440354
0.27966487     0.1073879
0.26852673     0.10621996
0.25757968     0.10493906
0.24682711     0.103547804
0.23627241     0.102049015
0.22591886     0.10044566
0.21576954     0.098740816
0.2058276     0.09693778
0.1960959     0.095039986
0.18657735     0.09305102
0.17727461     0.09097458
0.16819035     0.08881459
0.15932706     0.08657509
0.15068722     0.084260315
0.14227304     0.08187458
0.1340868     0.07942243
0.12613057     0.076908536
0.118406326     0.074337736
0.11091599     0.071715005
0.10366131     0.06904548
0.09664399     0.06633447
0.089865595     0.06358743
0.08332757     0.06080996
0.07703127     0.05800783
0.07097797     0.055186965
0.065168805     0.05235343
0.059604805     0.04951347
0.05428693     0.046673477
0.049216006     0.043840002
0.044392753     0.04101974
0.03981779     0.038219545
0.03549163     0.03544644
0.031414684     0.032707587
0.027587248     0.030010311
0.024009524     0.027362099
0.020681607     0.024770591
0.017603476     0.022243578
0.014775014     0.01978901
0.012195997     0.017414998
0.0098660905     0.015129794
0.0077848565     0.012941823
0.0059517547     0.010859655
0.0043661366     0.008892024
0.0030272496     0.0070478115
0.0019342335     0.005336064
0.0010861238     0.0037659768
4.8184962E-4     0.0023469042
1.202356E-4     0.0010883566
 1.202356E-4     -9.6995255E-4
 4.8184962E-4     -0.0018796402
 0.0010861238     -0.0027288527
 0.0019342335     -0.0035174398
 0.0030272496     -0.004245312
 0.0043661366     -0.0049124397
 0.0059517547     -0.005518852
 0.0077848565     -0.0060646394
 0.0098660905     -0.0065499516
 0.012195997     -0.0069750003
 0.014775014     -0.0073400512
 0.017603476     -0.0076454394
 0.020681607     -0.0078915525
 0.024009524     -0.00807884
 0.027587248     -0.008207812
 0.031414684     -0.008279041
 0.03549163     -0.008293153
 0.03981779     -0.00825084
 0.044392753     -0.008152852
 0.049216006     -0.0079999985
 0.05428693     -0.0077931504
 0.059604805     -0.007533239
 0.065168805     -0.0072212527
 0.07097797     -0.00685824
 0.07703127     -0.0064453124
 0.08332757     -0.0059836404
 0.089865595     -0.005474454
 0.09664399     -0.0049190405
 0.10366131     -0.0043187547
 0.11091599     -0.003675003
 0.118406326     -0.0029892563
 0.12613057     -0.0022630435
 0.1340868     -0.0014979569
 0.14227304     -6.956449E-4
 0.15068722     1.4218129E-4
 0.15932706     0.0010137539
 0.16819035     0.0019172374
 0.17727461     0.0028507495
 0.18657735     0.0038123354
 0.1960959     0.004799988
 0.2058276     0.0058116335
 0.21576954     0.0068451464
 0.22591886     0.007898332
 0.23627241     0.008968942
 0.24682711     0.01005467
 0.25757968     0.011153139
 0.26852673     0.012261927
 0.27966487     0.013378536
 0.2909904     0.014500424
 0.30249977     0.015624977
 0.31418914     0.016749525
 0.32605463     0.01787134
 0.33809215     0.018987626
 0.3502977     0.020095536
 0.362667     0.021192161
 0.37519574     0.022274531
 0.3878796     0.023339622
 0.40071398     0.024384333
 0.41369423     0.025405519
 0.42681563     0.02639997
 0.44007337     0.027364418
 0.45346242     0.02829553
 0.46697783     0.02918992
 0.48061442     0.030044133
 0.49436682     0.030854661
 0.5082298     0.03161794
 0.5221977     0.032330323
 0.53626513     0.03298814
 0.5504263     0.033587623
 0.56467545     0.03412498
 0.5790068     0.03459633
 0.59341395     0.034997743
 0.6078913     0.03532524
 0.62243223     0.03557475
 0.6370307     0.035742186
 0.65168     0.035823356
 0.66637385     0.035814047
 0.6811056     0.035709966
 0.6958683     0.035506755
 0.71065533     0.03520002
 0.7254596     0.03478527
 0.7402741     0.03425799
 0.75509155     0.033613585
 0.76990485     0.0328474
 0.7847065     0.031954736
 0.79948914     0.030930819
 0.81424505     0.029770814
 0.82896656     0.028469834
 0.8436459     0.027022932
 0.8582752     0.025425093
 0.8728464     0.02367125
 0.8873514     0.021756275
 0.90178204     0.019674975
 0.9161297     0.017422099
 0.93038636     0.0149923405
 0.9445433     0.012380326
 0.9585918     0.009580629
 0.97252315     0.0065877563
 0.98632866     0.0033961604
 0.9999991     2.2947742E-7
